,Start,End
0,2019-09-30 18:05:34.244216,2019-09-30 18:05:48.678636
1,2019-09-30 18:05:53.972476,2019-09-30 18:06:07.954079
2,2019-09-30 18:06:11.127591,2019-09-30 18:06:25.084260
